   6.9544764e-01   7.8179056e-01
   5.1192339e-01   4.7693562e-02
   3.0230136e-01   7.9079457e-01
   3.4924945e-01   6.0300220e-01
   1.7393594e-01   6.9574376e-01
   8.4143081e-01   6.3427674e-01
   3.7519559e-01   4.9921764e-01
   1.6327829e-01   6.5311315e-01
   4.6292889e-01   1.4828444e-01
   2.4286842e-01   9.7147367e-01
   3.9645306e-01   4.1418775e-01
   7.9222083e-02   3.1688833e-01
   2.1270609e-01   8.5082435e-01
   4.8688646e-01   5.2454147e-02
   8.2059692e-01   7.1761232e-01
   8.7641093e-01   4.9435628e-01
   8.2036596e-01   7.1853616e-01
   8.7099914e-01   5.1600344e-01
   2.7234497e-01   9.1062014e-01
   3.5966708e-02   1.4386683e-01
   7.2241980e-02   2.8896792e-01
   5.8585057e-01   3.4340227e-01
   4.1032457e-01   3.5870172e-01
   8.1459845e-01   7.4160620e-01
   9.1234689e-02   3.6493876e-01
   2.1265279e-01   8.5061117e-01
   5.6899357e-01   2.7597428e-01
   3.6728758e-01   5.3084966e-01
   1.2792275e-01   5.1169099e-01
   3.3630688e-01   6.5477247e-01
   1.7557605e-01   7.0230422e-01
   5.8790381e-01   3.5161523e-01
   4.7697670e-01   9.2093202e-02
   7.3266129e-01   9.3064516e-01
   6.5451804e-01   6.1807217e-01
   3.0444358e-01   7.8222566e-01
   8.4375592e-01   6.2497630e-01
   7.3138724e-01   9.2554898e-01
   7.7445987e-01   9.0216053e-01
   1.1063713e-01   4.4254853e-01
   6.8201363e-01   7.2805451e-01
   9.7444182e-01   1.0223271e-01
   4.6103267e-01   1.5586933e-01
   9.4567709e-01   2.1729164e-01
   1.0753060e-02   4.3012239e-02
   9.1456009e-01   3.4175965e-01
   3.1273062e-01   7.4907753e-01
   4.0289361e-01   3.8842557e-01
   1.3851647e-01   5.5406589e-01
   6.6420233e-01   6.5680931e-01
   3.3055335e-01   6.7778659e-01
   8.7462029e-01   5.0151883e-01
   5.1439203e-02   2.0575681e-01
   1.9413338e-01   7.7653352e-01
   5.5772487e-01   2.3089947e-01
   8.4900838e-01   6.0396647e-01
   8.8754686e-01   4.4981258e-01
   6.4035738e-01   5.6142951e-01
   4.2193474e-02   1.6877389e-01
   1.8110926e-01   7.2443704e-01
   3.0691183e-01   7.7235266e-01
   2.3222784e-01   9.2891138e-01
   4.8666114e-01   5.3355436e-02
   4.0430611e-01   3.8277556e-01
   1.1517367e-01   4.6069470e-01
   9.5545761e-02   3.8218304e-01
   9.1369776e-01   3.4520894e-01
   7.7863463e-02   3.1145385e-01
   7.2517045e-01   9.0068180e-01
   3.4908377e-01   6.0366490e-01
   3.3942612e-01   6.4229550e-01
   7.0155754e-01   8.0623015e-01
   7.2620610e-01   9.0482441e-01
   3.4390552e-01   6.2437791e-01
   8.7712101e-01   4.9151596e-01
   9.1247531e-01   3.5009877e-01
   9.6830107e-01   1.2679570e-01
   2.9872565e-01   8.0509740e-01
   6.5462705e-02   2.6185082e-01
   1.1410231e-01   4.5640922e-01
   4.8680954e-01   5.2761844e-02
   6.2279869e-01   4.9119475e-01
   1.4874066e-01   5.9496262e-01
   2.9966590e-01   8.0133640e-01
   2.8518523e-01   8.5925907e-01
   4.7252779e-01   1.0988882e-01
   4.9381524e-01   2.4739051e-02
   9.3175864e-01   2.7296542e-01
   6.5889582e-01   6.3558329e-01
   4.0546410e-01   3.7814359e-01
   2.2074470e-01   8.8297881e-01
   6.2638407e-01   5.0553628e-01
   3.7813276e-03   1.5125310e-02
   7.6766108e-03   3.0706443e-02
   3.9087142e-03   1.5634857e-02
   1.3750034e-01   5.5000137e-01
   6.3802082e-01   5.5208326e-01
   2.9836503e-01   8.0653989e-01
   4.6637547e-01   1.3449812e-01
   5.5724859e-01   2.2899436e-01
   4.4437997e-01   2.2248011e-01
   5.2041588e-01   8.1663521e-02
   3.0812247e-01   7.6751011e-01
   1.3911139e-01   5.5644555e-01
   6.1555748e-01   4.6222994e-01
   1.6212998e-01   6.4851993e-01
   5.0887012e-01   3.5480479e-02
   9.1594498e-01   3.3622009e-01
   4.9948992e-02   1.9979597e-01
   6.4635815e-01   5.8543259e-01
   6.1143786e-03   2.4457515e-02
   4.3777260e-01   2.4890959e-01
   7.9158034e-01   8.3367865e-01
   5.2687590e-02   2.1075036e-01
   5.9714307e-01   3.8857227e-01
   3.8097279e-01   4.7610884e-01
   2.9235344e-01   8.3058626e-01
   9.3208623e-01   2.7165509e-01
   4.4928743e-01   2.0285026e-01
   5.2382545e-01   9.5301818e-02
   6.0580848e-01   4.2323393e-01
   6.4262894e-01   5.7051575e-01
   9.2047329e-01   3.1810685e-01
   4.3195998e-01   2.7216007e-01
   6.1704902e-01   4.6819606e-01
   2.4653582e-01   9.8614328e-01
   2.8985027e-01   8.4059890e-01
   3.4238534e-01   6.3045863e-01
   4.1399312e-01   3.4402752e-01
   3.8475796e-01   4.6096815e-01
   4.4749629e-02   1.7899852e-01
   5.5622265e-01   2.2489059e-01
   3.3314011e-03   1.3325605e-02
   6.0901485e-01   4.3605942e-01
   2.2268026e-01   8.9072103e-01
   1.2432488e-01   4.9729952e-01
   1.2146133e-01   4.8584533e-01
   3.6523874e-01   5.3904503e-01
   8.9189020e-01   4.3243919e-01
   6.3296991e-01   5.3187964e-01
   5.8131245e-01   3.2524979e-01
   9.1479216e-01   3.4083136e-01
   9.6095259e-01   1.5618965e-01
   2.6239274e-01   9.5042905e-01
   6.9717518e-01   7.8870072e-01
   2.5194200e-01   9.9223201e-01
   2.4843836e-01   9.9375342e-01
   5.3397121e-01   1.3588482e-01
   2.4635927e-01   9.8543709e-01
   6.5909618e-01   6.3638471e-01
   7.4429331e-01   9.7717324e-01
   9.8223243e-01   7.1070268e-02
   7.2776311e-01   9.1105245e-01
   1.9317193e-01   7.7268774e-01
   6.0456255e-01   4.1825019e-01
   5.3808791e-02   2.1523516e-01
   2.3008036e-02   9.2032145e-02
   3.7952767e-01   4.8188930e-01
   3.3758686e-01   6.4965255e-01
   3.3914279e-01   6.4342883e-01
   3.0893432e-01   7.6426273e-01
   6.2910560e-01   5.1642242e-01
   2.2870551e-02   9.1482206e-02
   3.2760759e-02   1.3104304e-01
   9.4723479e-02   3.7889392e-01
   3.9767337e-01   4.0930652e-01
   9.8679016e-01   5.2839355e-02
   6.9525559e-01   7.8102238e-01
   3.9925224e-01   4.0299106e-01
   5.7969128e-01   3.1876512e-01
   5.2654113e-01   1.0616453e-01
   5.3291045e-01   1.3164179e-01
   1.5405967e-01   6.1623868e-01
   7.1573456e-01   8.6293824e-01
   5.0230188e-01   9.2075204e-03
   6.2934587e-01   5.1738350e-01
   5.2482825e-01   9.9312986e-02
   1.4105968e-01   5.6423870e-01
   3.1973467e-01   7.2106130e-01
   5.4804207e-01   1.9216829e-01
   6.6179442e-01   6.4717767e-01
   1.3424130e-01   5.3696521e-01
   7.2176735e-01   8.8706941e-01
   9.6845350e-01   1.2618601e-01
   2.2662402e-01   9.0649609e-01
   8.5218579e-01   5.9125686e-01
   3.3217583e-01   6.7129667e-01
   8.9221658e-01   4.3113366e-01
   7.0270055e-01   8.1080220e-01
   8.0442945e-01   7.8228218e-01
   2.6373667e-01   9.4505330e-01
   1.1487315e-01   4.5949261e-01
   7.7590610e-01   8.9637562e-01
   1.9669653e-01   7.8678612e-01
   3.9311306e-01   4.2754777e-01
   7.4353400e-01   9.7413598e-01
   5.5451632e-01   2.1806528e-01
   8.1413406e-01   7.4346374e-01
   5.2792350e-01   1.1169400e-01
   5.1169066e-02   2.0467626e-01
   4.1461633e-01   3.4153470e-01
   5.9757184e-01   3.9028736e-01
   5.0740511e-01   2.9620451e-02
   6.2539863e-01   5.0159451e-01
   5.3072651e-01   1.2290602e-01
   8.6108897e-01   5.5564411e-01
   1.7803375e-01   7.1213501e-01
   5.0198449e-01   7.9379424e-03
   2.9714882e-01   8.1140472e-01
   5.6870428e-01   2.7481711e-01
   7.8074069e-01   8.7703725e-01
   7.3057353e-01   9.2229412e-01
   9.6725189e-01   1.3099245e-01
   8.5692147e-01   5.7231413e-01
   4.3458973e-01   2.6164108e-01
   9.7633135e-01   9.4674603e-02
   3.0731443e-01   7.7074227e-01
   8.7788552e-01   4.8845790e-01
   6.3094972e-01   5.2379888e-01
   5.9763393e-01   3.9053573e-01
   9.4280630e-01   2.2877481e-01
   9.1320500e-01   3.4718000e-01
   4.7844335e-01   8.6226618e-02
   2.0993312e-01   8.3973246e-01
   1.3290421e-01   5.3161683e-01
   1.9744036e-01   7.8976144e-01
   6.7616428e-01   7.0465711e-01
   5.7688781e-01   3.0755125e-01
   5.6647081e-01   2.6588322e-01
   5.2166533e-01   8.6661301e-02
   7.1289968e-01   8.5159872e-01
   4.2067071e-01   3.1731716e-01
   5.6845160e-01   2.7380641e-01
   4.9105190e-01   3.5792416e-02
   2.8059841e-01   8.7760634e-01
   6.2034805e-02   2.4813922e-01
   5.4810701e-01   1.9242805e-01
   6.2143775e-01   4.8575098e-01
   4.4604018e-01   2.1583929e-01
   4.9715752e-01   1.1369907e-02
   7.2968622e-03   2.9187449e-02
   6.1184288e-01   4.4737153e-01
   5.2254475e-01   9.0179016e-02
   4.7731325e-01   9.0747006e-02
   1.0568729e-01   4.2274915e-01
   5.2709386e-01   1.0837546e-01
   8.8033647e-01   4.7865412e-01
   8.4097030e-01   6.3611880e-01
   4.4060917e-01   2.3756330e-01
   8.1289599e-01   7.4841603e-01
   8.7012053e-01   5.1951788e-01
   5.4703557e-01   1.8814229e-01
   6.4235517e-01   5.6942069e-01
   2.8390351e-01   8.6438595e-01
   7.2269553e-02   2.8907821e-01
   7.8155443e-01   8.7378226e-01
   8.5867353e-01   5.6530589e-01
   7.1858048e-01   8.7432192e-01
   5.7450180e-01   2.9800719e-01
   9.9384273e-01   2.4629098e-02
   4.7880064e-01   8.4797428e-02
   4.0004754e-01   3.9980983e-01
   7.8130567e-01   8.7477734e-01
   7.1303302e-03   2.8521321e-02
   2.2578852e-01   9.0315409e-01
   2.2708099e-01   9.0832397e-01
   6.6201334e-01   6.4805336e-01
   1.2884873e-01   5.1539492e-01
   5.3069241e-02   2.1227697e-01
   9.8967562e-01   4.1297520e-02
   3.9748935e-01   4.1004259e-01
   9.6568456e-02   3.8627382e-01
   4.7843082e-01   8.6276705e-02
   7.1157771e-01   8.4631084e-01
   2.5922949e-01   9.6308203e-01
   1.5816889e-02   6.3267555e-02
   1.9473923e-02   7.7895692e-02
   3.2461537e-01   7.0153851e-01
   6.7944488e-01   7.1777950e-01
   1.8608713e-03   7.4434853e-03
   1.4884890e-01   5.9539561e-01
   9.3029024e-01   2.7883903e-01
   1.5328403e-01   6.1313612e-01
   8.2936410e-01   6.8254360e-01
   9.9858024e-03   3.9943210e-02
   9.5421408e-01   1.8314366e-01
   5.1823391e-01   7.2935641e-02
   6.2031801e-01   4.8127205e-01
   3.5087971e-01   5.9648114e-01
   7.9445058e-01   8.2219767e-01
   8.6020800e-01   5.5916799e-01
   6.0142021e-01   4.0568085e-01
   3.5129176e-02   1.4051670e-01
   5.8599555e-01   3.4398220e-01
   2.9906198e-01   8.0375206e-01
   9.7163812e-01   1.1344754e-01
   6.8185444e-01   7.2741777e-01
   3.8721715e-01   4.5113138e-01
   6.9925259e-02   2.7970103e-01
   4.7943736e-01   8.2250554e-02
   1.0618530e-01   4.2474121e-01
   8.7513652e-01   4.9945390e-01
   5.8756497e-01   3.5025990e-01
   5.0403538e-02   2.0161415e-01
   5.1724604e-01   6.8984170e-02
   9.0313000e-01   3.8748001e-01
   2.7217660e-01   9.1129362e-01
   2.9381102e-01   8.2475592e-01
   5.4765914e-01   1.9063655e-01
   6.6499564e-03   2.6599826e-02
   3.3222575e-01   6.7109698e-01
   5.3425350e-01   1.3701402e-01
   8.3507558e-01   6.5969769e-01
   3.5262837e-01   5.8948651e-01
   3.7584711e-01   4.9661155e-01
   8.6988818e-01   5.2044727e-01
   6.7678356e-01   7.0713423e-01
   5.0179734e-01   7.1893794e-03
   1.3155432e-01   5.2621727e-01
   5.9027173e-01   3.6108691e-01
   2.6356680e-01   9.4573282e-01
   8.7581843e-01   4.9672628e-01
   9.0146449e-01   3.9414205e-01
   8.1427658e-01   7.4289366e-01
   2.1938890e-01   8.7755561e-01
   5.5190889e-01   2.0763556e-01
   5.4639969e-01   1.8559875e-01
   7.0568076e-01   8.2272305e-01
   7.8990388e-01   8.4038449e-01
   9.3808192e-01   2.4767232e-01
   6.6245375e-01   6.4981499e-01
   5.9646809e-02   2.3858723e-01
   9.2085511e-02   3.6834205e-01
   8.5826333e-01   5.6694668e-01
   3.1005749e-01   7.5977002e-01
   7.3118948e-04   2.9247579e-03
   4.4643594e-02   1.7857438e-01
   7.7753316e-01   8.8986737e-01
   3.9031598e-01   4.3873609e-01
   1.3542892e-01   5.4171567e-01
   8.2888708e-01   6.8445169e-01
   1.5649828e-01   6.2599312e-01
   8.1035348e-01   7.5858608e-01
   6.1501776e-01   4.6007104e-01
   9.8210196e-01   7.1592159e-02
   1.3121882e-01   5.2487528e-01
   4.9261529e-01   2.9538859e-02
   5.8930589e-01   3.5722358e-01
   1.2446368e-01   4.9785472e-01
   8.8800275e-01   4.4798899e-01
   5.8488015e-01   3.3952061e-01
   9.1214604e-01   3.5141584e-01
   5.0609979e-02   2.0243992e-01
   6.6106789e-01   6.4427157e-01
   5.8197831e-01   3.2791325e-01
   5.5448134e-01   2.1792537e-01
   6.4522850e-01   5.8091399e-01
   1.9256982e-01   7.7027927e-01
   7.4165554e-01   9.6662217e-01
   2.0647887e-01   8.2591550e-01
   2.1844511e-01   8.7378045e-01
   7.7818054e-01   8.8727786e-01
   7.9821411e-01   8.0714354e-01
   5.8077728e-01   3.2310914e-01
   3.5407580e-01   5.8369679e-01
   3.7626845e-01   4.9492620e-01
   4.8541777e-01   5.8328932e-02
   5.2743067e-01   1.0972269e-01
   2.8658361e-01   8.5366555e-01
   6.4069958e-01   5.6279832e-01
   6.7879644e-01   7.1518574e-01
   9.3468223e-01   2.6127106e-01
   3.9157425e-03   1.5662970e-02
   1.2925051e-01   5.1700204e-01
   1.1190105e-01   4.4760420e-01
   4.4767751e-01   2.0928995e-01
   1.7219971e-01   6.8879886e-01
   9.5655890e-01   1.7376441e-01
   7.3084817e-01   9.2339267e-01
   4.1478700e-01   3.4085198e-01
   9.9442141e-01   2.2314374e-02
   9.0127363e-01   3.9490547e-01
   3.3804339e-01   6.4782645e-01
   2.1836517e-01   8.7346069e-01
   5.3026352e-01   1.2105406e-01
   8.4821794e-01   6.0712822e-01
   8.8766947e-01   4.4932212e-01
   9.7299511e-01   1.0801957e-01
   2.4012809e-01   9.6051236e-01
   5.7529502e-01   3.0118006e-01
   6.8507913e-01   7.4031652e-01
   6.7129332e-01   6.8517326e-01
   4.6067179e-01   1.5731282e-01
   4.7675166e-01   9.2993377e-02
   6.6724831e-01   6.6899324e-01
   5.1594911e-01   6.3796450e-02
   7.6274057e-01   9.4903771e-01
   6.9519126e-02   2.7807651e-01
   8.3184884e-01   6.7260464e-01
   4.9717002e-01   1.1319926e-02
   8.7521831e-01   4.9912677e-01
   2.2976112e-01   9.1904448e-01
   9.1221171e-01   3.5115318e-01
   6.8571252e-01   7.4285007e-01
   2.3831299e-01   9.5325196e-01
   6.3451639e-01   5.3806555e-01
   8.0370147e-02   3.2148059e-01
   4.2832530e-01   2.8669881e-01
   3.1638118e-01   7.3447526e-01
   3.7597131e-01   4.9611476e-01
   5.3024105e-01   1.2096419e-01
   6.6086082e-01   6.4344326e-01
   3.5187593e-01   5.9249628e-01
   2.8290475e-01   8.6838099e-01
   8.8281165e-01   4.6875339e-01
   4.9586682e-01   1.6532714e-02
   7.5242592e-01   9.9029633e-01
   4.2172525e-01   3.1309899e-01
   9.7839769e-01   8.6409230e-02
   1.1493250e-02   4.5973002e-02
   7.9935108e-01   8.0259568e-01
   5.6761890e-01   2.7047558e-01
   5.0074550e-01   2.9820018e-03
   6.7868450e-01   7.1473802e-01
   8.7713119e-01   4.9147525e-01
   4.0837163e-01   3.6651349e-01
   1.0710438e-02   4.2841752e-02
   5.4733838e-01   1.8935351e-01
   1.2371251e-01   4.9485004e-01
   5.2747434e-01   1.0989737e-01
   9.1492908e-01   3.4028369e-01
   6.3604071e-01   5.4416283e-01
   7.9416165e-01   8.2335339e-01
   2.5745638e-01   9.7017447e-01
   4.0482266e-01   3.8070935e-01
   4.8202578e-01   7.1896893e-02
   5.2481625e-02   2.0992650e-01
   5.1584340e-01   6.3373606e-02
   5.9851551e-01   3.9406206e-01
   8.3666932e-01   6.5332271e-01
   6.1727018e-01   4.6908070e-01
   6.4642247e-01   5.8568987e-01
   8.9600507e-01   4.1597972e-01
   1.0339230e-01   4.1356920e-01
   5.1668508e-01   6.6740309e-02
   8.9257689e-01   4.2969243e-01
   6.3666641e-01   5.4666563e-01
   1.5629110e-01   6.2516441e-01
   3.6168893e-01   5.5324427e-01
   3.3202321e-01   6.7190715e-01
   5.5841833e-01   2.3367331e-01
   6.9270567e-01   7.7082269e-01
   1.8934453e-01   7.5737811e-01
   8.7554850e-01   4.9780601e-01
   1.2976982e-01   5.1907929e-01
   4.2489536e-01   3.0041856e-01
   2.2606101e-01   9.0424403e-01
   9.9314780e-01   2.7408784e-02
   3.1502095e-01   7.3991621e-01
   2.8773875e-01   8.4904499e-01
   3.3374833e-01   6.6500670e-01
   3.5861076e-02   1.4344431e-01
   9.3652708e-01   2.5389169e-01
   6.8102111e-02   2.7240845e-01
   5.2357033e-01   9.4281317e-02
   6.2652391e-01   5.0609565e-01
   6.4887551e-01   5.9550203e-01
   3.4716552e-01   6.1133793e-01
   7.2120277e-01   8.8481109e-01
   7.0988280e-01   8.3953120e-01
   8.4209766e-01   6.3160934e-01
   4.2526805e-01   2.9892781e-01
   7.2088224e-01   8.8352895e-01
   9.5470401e-01   1.8118398e-01
   8.2366020e-01   7.0535919e-01
   1.1710928e-01   4.6843712e-01
   4.7735473e-02   1.9094189e-01
   1.5681255e-01   6.2725019e-01
   5.3444901e-01   1.3779604e-01
   8.6081401e-01   5.5674394e-01
   7.3260173e-01   9.3040693e-01
   3.0508829e-01   7.7964685e-01
   5.7833868e-01   3.1335473e-01
   2.6112675e-01   9.5549300e-01
   9.9078963e-01   3.6841491e-02
   7.9075010e-02   3.1630004e-01
   5.9598227e-01   3.8392907e-01
   1.5810493e-02   6.3241971e-02
   8.9445025e-01   4.2219901e-01
   3.4412325e-02   1.3764930e-01
   9.9858167e-01   5.6733068e-03
   5.0576000e-01   2.3040009e-02
   8.0797231e-01   7.6811075e-01
   5.2773201e-01   1.1092806e-01
   5.8474082e-01   3.3896327e-01
   9.8078371e-01   7.6865148e-02
   7.8242106e-01   8.7031575e-01
   9.0520152e-01   3.7919391e-01
   5.4389790e-01   1.7559159e-01
   8.7403886e-01   5.0384457e-01
   7.1046058e-01   8.4184233e-01
   5.3055873e-01   1.2223491e-01
   8.0664182e-02   3.2265673e-01
   5.0060104e-01   2.4041496e-03
   2.7063764e-01   9.1744943e-01
   2.1795337e-01   8.7181347e-01
   3.2728574e-01   6.9085706e-01
   2.2918561e-01   9.1674244e-01
   3.4219371e-01   6.3122516e-01
   1.3378355e-01   5.3513420e-01
   6.7595687e-01   7.0382747e-01
   8.4010531e-01   6.3957876e-01
   7.5589418e-01   9.7642329e-01
   9.3481945e-01   2.6072220e-01
   3.6198734e-01   5.5205063e-01
   6.8315345e-01   7.3261378e-01
   6.7792164e-01   7.1168658e-01
   5.8886590e-01   3.5546361e-01
   5.9234021e-01   3.6936084e-01
   9.2743735e-01   2.9025061e-01
   8.1738031e-01   7.3047876e-01
   6.1983049e-02   2.4793219e-01
   5.3241964e-01   1.2967858e-01
   2.2290774e-01   8.9163094e-01
   3.1028715e-01   7.5885140e-01
   6.2168492e-02   2.4867397e-01
   4.4456825e-01   2.2172698e-01
   4.3564207e-01   2.5743173e-01
   4.4973026e-02   1.7989210e-01
   2.2463580e-01   8.9854321e-01
   3.2978167e-01   6.8087331e-01
   9.1451510e-01   3.4193960e-01
   3.8951262e-01   4.4194954e-01
   8.5906863e-01   5.6372549e-01
   7.6280082e-01   9.4879674e-01
   4.2918587e-01   2.8325652e-01
   1.8935792e-02   7.5743168e-02
   8.1344631e-01   7.4621478e-01
   5.8991648e-02   2.3596659e-01
   3.1937894e-01   7.2248425e-01
   5.1073658e-01   4.2946339e-02
   9.7357243e-01   1.0571028e-01
   3.1918322e-01   7.2326712e-01
   8.4910921e-01   6.0356315e-01
   4.6359344e-01   1.4562622e-01
   9.5733792e-01   1.7064831e-01
   9.0006752e-01   3.9972994e-01
   4.7445294e-02   1.8978118e-01
   9.1126996e-01   3.5492017e-01
   5.6322108e-01   2.5288430e-01
   1.6167269e-01   6.4669077e-01
   5.3678366e-01   1.4713464e-01
   7.2507846e-01   9.0031385e-01
   8.5169424e-02   3.4067769e-01
   7.3382820e-02   2.9353128e-01
   1.8140782e-01   7.2563128e-01
   5.7594919e-01   3.0379677e-01
   6.6969852e-01   6.7879406e-01
   6.1903457e-01   4.7613829e-01
   7.6010717e-01   9.5957132e-01
   8.4481131e-01   6.2075474e-01
   1.6929691e-01   6.7718763e-01
   1.8424475e-01   7.3697899e-01
   8.0833108e-01   7.6667569e-01
   5.3228445e-01   1.2913780e-01
   9.0345848e-01   3.8616607e-01
   5.5490311e-01   2.1961243e-01
   9.5841398e-01   1.6634409e-01
   8.1591178e-01   7.3635289e-01
   2.3645118e-01   9.4580472e-01
   4.1713145e-01   3.3147420e-01
   8.1456134e-01   7.4175463e-01
   5.7502103e-01   3.0008411e-01
   1.0258585e-01   4.1034342e-01
   8.8773181e-01   4.4907277e-01
   2.3782492e-01   9.5129969e-01
   8.1639211e-01   7.3443155e-01
   8.6165076e-01   5.5339698e-01
   6.3629972e-02   2.5451989e-01
   9.7855740e-01   8.5770411e-02
   7.3733959e-01   9.4935837e-01
   1.0329568e-01   4.1318273e-01
   9.2326301e-01   3.0694794e-01
   1.9269746e-01   7.7078985e-01
   1.4012285e-01   5.6049141e-01
   9.6762126e-01   1.2951496e-01
   1.6866334e-01   6.7465337e-01
   9.4285653e-01   2.2857388e-01
   2.5859526e-01   9.6561894e-01
   7.9315377e-01   8.2738493e-01
   5.7515816e-02   2.3006326e-01
   9.5495542e-01   1.8017832e-01
   8.1945945e-01   7.2216220e-01
   3.7402586e-01   5.0389655e-01
   4.7699684e-01   9.2012659e-02
   2.7067578e-01   9.1729689e-01
   4.1266803e-01   3.4932786e-01
   7.1383885e-01   8.5535542e-01
   1.5756553e-01   6.3026213e-01
   7.5335183e-01   9.8659268e-01
   8.5065725e-01   5.9737101e-01
   4.8688754e-01   5.2449824e-02
   2.3078670e-01   9.2314681e-01
   6.4858837e-01   5.9435349e-01
   5.9804354e-01   3.9217417e-01
   6.8016910e-01   7.2067642e-01
   4.6817242e-01   1.2731033e-01
   4.3492631e-01   2.6029474e-01
   8.6595375e-01   5.3618498e-01
   1.1414528e-01   4.5658112e-01
   4.7889311e-02   1.9155725e-01
   6.5020236e-01   6.0080943e-01
   5.1990350e-01   7.9614001e-02
   8.4501781e-02   3.3800712e-01
   5.0074755e-01   2.9901826e-03
   1.7371239e-01   6.9484954e-01
   1.3233678e-01   5.2934710e-01
   7.7592900e-01   8.9628398e-01
   3.2746675e-01   6.9013299e-01
   5.2403089e-01   9.6123557e-02
   7.4565404e-02   2.9826162e-01
   4.2438040e-01   3.0247839e-01
   4.5288299e-02   1.8115320e-01
   6.5180637e-01   6.0722547e-01
   5.3365268e-01   1.3461074e-01
   9.7958190e-01   8.1672395e-02
   4.5548339e-01   1.7806645e-01
   6.3422413e-01   5.3689650e-01
   1.7573171e-01   7.0292684e-01
   6.1346738e-02   2.4538695e-01
   5.9605698e-01   3.8422791e-01
   2.2900390e-01   9.1601558e-01
   8.8798634e-01   4.4805463e-01
   5.8264860e-01   3.3059439e-01
   3.8794844e-01   4.4820623e-01
   3.4566762e-01   6.1732953e-01
   1.2744304e-01   5.0977217e-01
   2.9058419e-01   8.3766324e-01
   6.9000194e-01   7.6000774e-01
   6.0335293e-01   4.1341171e-01
   6.0759618e-01   4.3038472e-01
   1.7743733e-01   7.0974932e-01
   3.3253447e-01   6.6986213e-01
   6.9858394e-01   7.9433574e-01
   3.0858143e-01   7.6567426e-01
   8.4585681e-01   6.1657275e-01
   4.0843601e-01   3.6625595e-01
   2.4860687e-01   9.9442747e-01
   5.9077422e-01   3.6309689e-01
   6.0844792e-01   4.3379166e-01
   7.1906533e-01   8.7626131e-01
   2.0245962e-01   8.0983847e-01
   3.2312532e-01   7.0749872e-01
   3.8818803e-01   4.4724789e-01
   2.5058461e-01   9.9766158e-01
   7.6867162e-01   9.2531352e-01
   1.7822804e-01   7.1291214e-01
   3.4727704e-01   6.1089183e-01
   5.9814929e-01   3.9259715e-01
   2.1706077e-01   8.6824307e-01
   5.9785226e-01   3.9140904e-01
   2.6424332e-01   9.4302672e-01
   7.2136325e-01   8.8545299e-01
   3.0501155e-01   7.7995378e-01
   2.3932142e-01   9.5728569e-01
   1.9423543e-01   7.7694170e-01
   9.8787408e-01   4.8503700e-02
   3.9290938e-01   4.2836248e-01
   9.7555275e-02   3.9022110e-01
   3.8038194e-01   4.7847225e-01
   2.0504678e-01   8.2018714e-01
   3.2114003e-01   7.1543986e-01
   6.4266528e-01   5.7066111e-01
   1.3797621e-01   5.5190484e-01
   4.7277797e-01   1.0888812e-01
   8.4616979e-01   6.1532083e-01
   9.7585205e-01   9.6591793e-02
   1.2141011e-01   4.8564044e-01
   9.0975327e-01   3.6098693e-01
   5.3692423e-01   1.4769691e-01
   9.8362038e-02   3.9344815e-01
   9.0027235e-01   3.9891060e-01
   5.0642412e-01   2.5696477e-02
   3.2917915e-01   6.8328341e-01
   7.6641825e-01   9.3432700e-01
   8.3837767e-01   6.4648931e-01
   5.1668103e-01   6.6724132e-02
   3.1535002e-01   7.3859990e-01
   4.2445762e-01   3.0216952e-01
   2.6720597e-01   9.3117610e-01
   4.4254666e-02   1.7701867e-01
   5.0806971e-01   3.2278825e-02
   1.6733683e-01   6.6934731e-01
   4.9551329e-02   1.9820531e-01
   8.1865272e-01   7.2538914e-01
   8.2139251e-01   7.1442995e-01
   9.6872530e-01   1.2509881e-01
   7.8415203e-01   8.6339187e-01
   5.2146273e-01   8.5850921e-02
   8.0640062e-01   7.7439751e-01
   2.0719552e-01   8.2878210e-01
   4.0731559e-01   3.7073766e-01
   9.6150374e-01   1.5398504e-01
   8.0089097e-01   7.9643611e-01
   5.7991430e-01   3.1965720e-01
   9.5445411e-01   1.8218355e-01
   1.8743474e-02   7.4973895e-02
   7.5921849e-01   9.6312604e-01
   7.8138467e-01   8.7446133e-01
   9.4745662e-02   3.7898265e-01
   7.6618490e-01   9.3526041e-01
   5.0063905e-01   2.5562097e-03
   2.3421889e-01   9.3687555e-01
   3.2894667e-01   6.8421332e-01
   4.9730801e-01   1.0767972e-02
   5.6114745e-01   2.4458981e-01
   9.3683546e-02   3.7473419e-01
   6.2975569e-02   2.5190228e-01
   5.6135813e-01   2.4543253e-01
   6.7974599e-01   7.1898394e-01
   2.6357091e-01   9.4571636e-01
   5.9985430e-01   3.9941720e-01
   1.1326939e-01   4.5307756e-01
   5.4476203e-01   1.7904811e-01
   9.7084001e-01   1.1663995e-01
   6.5856498e-01   6.3425990e-01
   6.4361466e-01   5.7445865e-01
   2.3973641e-01   9.5894563e-01
   6.4504523e-01   5.8018090e-01
   9.5234710e-01   1.9061161e-01
   4.3073012e-01   2.7707952e-01
   1.7212054e-02   6.8848214e-02
   3.0977864e-01   7.6088544e-01
   3.1982913e-01   7.2068348e-01
   9.4549791e-01   2.1800837e-01
   3.6249614e-01   5.5001544e-01
   1.4441386e-01   5.7765543e-01
   4.3121307e-01   2.7514772e-01
   7.8850814e-01   8.4596745e-01
   4.0102476e-01   3.9590094e-01
   7.5878158e-01   9.6487369e-01
   2.6327165e-01   9.4691340e-01
   6.3306017e-01   5.3224069e-01
   7.2461708e-01   8.9846833e-01
   9.8432109e-01   6.2715646e-02
   8.7634062e-01   4.9463751e-01
   3.3400112e-01   6.6399550e-01
   3.9635919e-01   4.1456322e-01
   7.6207041e-01   9.5171838e-01
   7.0191689e-01   8.0766755e-01
   3.8792203e-01   4.4831188e-01
   3.9043300e-02   1.5617320e-01
   6.8705414e-03   2.7482166e-02
   3.7392542e-01   5.0429831e-01
   5.6827876e-01   2.7311503e-01
   4.6324968e-01   1.4700130e-01
   7.9883966e-01   8.0464134e-01
   2.4094209e-01   9.6376837e-01
   1.6535830e-01   6.6143320e-01
   8.0959211e-01   7.6163155e-01
   5.1213820e-01   4.8552807e-02
   8.4867118e-01   6.0531527e-01
   2.5334873e-01   9.8660507e-01
   6.2872977e-01   5.1491908e-01
   7.0817812e-01   8.3271249e-01
   6.8653545e-01   7.4614179e-01
   9.3390261e-01   2.6438958e-01
   7.6972817e-01   9.2108733e-01
   7.0221841e-01   8.0887362e-01
   4.8870892e-01   4.5164333e-02
   3.5039113e-02   1.4015645e-01
   6.9529257e-01   7.8117028e-01
   3.3306527e-01   6.6773893e-01
   7.2022377e-01   8.8089508e-01
   3.4944364e-01   6.0222543e-01
   4.7935700e-01   8.2572002e-02
   5.9277234e-01   3.7108936e-01
   6.6556484e-01   6.6225938e-01
   1.1986928e-01   4.7947712e-01
   7.0083802e-01   8.0335208e-01
   4.8158018e-01   7.3679288e-02
   9.5915767e-01   1.6336933e-01
   4.8330500e-01   6.6780014e-02
   2.7388161e-01   9.0447357e-01
   7.9005410e-02   3.1602164e-01
   5.4414981e-03   2.1765992e-02
   9.2539462e-01   2.9842150e-01
   6.7640877e-01   7.0563508e-01
   9.5449912e-01   1.8200351e-01
   9.3352314e-01   2.6590743e-01
   4.1012924e-01   3.5948305e-01
   6.2293343e-01   4.9173373e-01
   9.4678037e-01   2.1287853e-01
   5.6389199e-01   2.5556796e-01
   9.6141778e-01   1.5432890e-01
   7.0478106e-01   8.1912426e-01
   7.7253202e-01   9.0987191e-01
   5.0923073e-01   3.6922916e-02
   8.3769887e-01   6.4920452e-01
   2.0018660e-01   8.0074639e-01
   2.1794961e-01   8.7179845e-01
   5.4099255e-01   1.6397021e-01
   7.6556646e-01   9.3773416e-01
   6.8291527e-01   7.3166108e-01
   4.6476342e-01   1.4094630e-01
   8.8036370e-01   4.7854521e-01
   1.8289137e-01   7.3156548e-01
   6.2151735e-01   4.8606941e-01
   3.6261977e-01   5.4952092e-01
   1.8102760e-01   7.2411040e-01
   9.5725118e-01   1.7099529e-01
   1.6389848e-01   6.5559392e-01
   6.2220400e-01   4.8881600e-01
   9.1332170e-01   3.4671318e-01
   9.2599200e-01   2.9603199e-01
   4.4528887e-01   2.1884452e-01
   5.6809618e-01   2.7238472e-01
   8.5568493e-01   5.7726026e-01
   3.2540975e-01   6.9836099e-01
   7.9723195e-01   8.1107221e-01
   3.2064248e-01   7.1743006e-01
   6.5714274e-04   2.6285709e-03
   3.3547625e-01   6.5809501e-01
   2.2242464e-01   8.8969855e-01
   4.5249714e-01   1.9001144e-01
   6.0739656e-01   4.2958622e-01
   9.2512710e-01   2.9949158e-01
   1.2369746e-01   4.9478986e-01
   1.7892824e-01   7.1571298e-01
   9.6074057e-01   1.5703774e-01
   4.2430632e-01   3.0277474e-01
   3.1186116e-01   7.5255534e-01
   7.6852345e-02   3.0740938e-01
   5.0578224e-01   2.3128972e-02
   6.4429620e-01   5.7718482e-01
   8.6110748e-01   5.5557008e-01
   2.6906854e-01   9.2372584e-01
   7.4382955e-03   2.9753182e-02
   9.5461752e-01   1.8152992e-01
   4.4859065e-01   2.0563739e-01
   6.6624150e-01   6.6496602e-01
   7.0329287e-01   8.1317149e-01
   2.6516040e-01   9.3935841e-01
   9.2094608e-01   3.1621570e-01
   6.9963451e-01   7.9853806e-01
   1.1815283e-01   4.7261131e-01
   9.9084743e-01   3.6610296e-02
   5.0598560e-01   2.3942408e-02
   7.6622187e-01   9.3511254e-01
   8.3642159e-01   6.5431365e-01
   8.9087290e-01   4.3650838e-01
   9.8675093e-01   5.2996281e-02
   6.7496659e-01   6.9986637e-01
   8.8980918e-01   4.4076329e-01
   5.7041296e-01   2.8165186e-01
   2.8742276e-01   8.5030896e-01
   1.4734009e-01   5.8936038e-01
   9.5606914e-01   1.7572345e-01
   7.3679337e-01   9.4717347e-01
   7.1483186e-01   8.5932745e-01
   9.1398807e-02   3.6559523e-01
   7.6139209e-01   9.5443165e-01
   7.8712788e-01   8.5148848e-01
   8.1742697e-01   7.3029210e-01
   8.6254466e-01   5.4982138e-01
   7.6243115e-01   9.5027539e-01
   1.4301295e-01   5.7205181e-01
   1.8706661e-01   7.4826642e-01
   1.4498134e-01   5.7992536e-01
   7.6019891e-01   9.5920435e-01
   7.3741204e-01   9.4964817e-01
   3.2908706e-01   6.8365178e-01
   9.7180557e-01   1.1277773e-01
   3.7121660e-01   5.1513361e-01
   2.2728435e-01   9.0913739e-01
   2.0954289e-01   8.3817155e-01
   1.4256610e-01   5.7026438e-01
   5.1078235e-01   4.3129417e-02
   8.4809356e-02   3.3923742e-01
   8.9061287e-01   4.3754853e-01
   1.2402634e-01   4.9610535e-01
   9.2799942e-01   2.8800231e-01
   1.8464443e-01   7.3857774e-01
   6.4311741e-01   5.7246964e-01
   1.2710228e-01   5.0840914e-01
   3.8653326e-01   4.5386696e-01
   6.5565015e-01   6.2260060e-01
   3.4958214e-01   6.0167144e-01
   4.7088646e-01   1.1645415e-01
   9.8288548e-01   6.8458064e-02
   4.6026446e-01   1.5894217e-01
   3.3672488e-01   6.5310049e-01
   2.1787894e-01   8.7151574e-01
   7.9477505e-01   8.2089981e-01
   4.6975896e-01   1.2096417e-01
   6.9263186e-01   7.7052745e-01
   9.2350589e-01   3.0597643e-01
   5.1052028e-01   4.2081139e-02
   2.5862653e-01   9.6549387e-01
   4.3347542e-02   1.7339017e-01
   8.4016249e-01   6.3935004e-01
   8.9872522e-02   3.5949009e-01
   6.5343365e-01   6.1373459e-01
   3.9788668e-01   4.0845327e-01
   2.1285365e-01   8.5141460e-01
   1.2801503e-01   5.1206013e-01
   5.5599629e-01   2.2398516e-01
   3.8956932e-01   4.4172271e-01
   8.5186255e-01   5.9254980e-01
   4.1930009e-01   3.2279965e-01
   3.6214230e-01   5.5143079e-01
   5.2090280e-01   8.3611188e-02
   9.3931109e-01   2.4275565e-01
   3.8046633e-01   4.7813468e-01
   1.8568304e-01   7.4273215e-01
   8.2469073e-01   7.0123706e-01
   6.6578790e-01   6.6315159e-01
   1.0302008e-01   4.1208031e-01
   6.1072676e-01   4.4290704e-01
   6.0026848e-01   4.0107393e-01
   8.2930751e-01   6.8276996e-01
   9.5164510e-01   1.9341960e-01
   3.2421459e-01   7.0314165e-01
   9.3229422e-01   2.7082312e-01
   2.1337799e-01   8.5351196e-01
   7.5415263e-01   9.8338949e-01
   4.5276137e-02   1.8110455e-01
   9.7731619e-01   9.0735252e-02
   6.8104657e-01   7.2418629e-01
   2.5601445e-01   9.7594222e-01
   2.2286398e-01   8.9145591e-01
   2.6508640e-01   9.3965440e-01
   2.9005238e-01   8.3979049e-01
   1.4667116e-01   5.8668462e-01
   8.0244592e-01   7.9021634e-01
   4.5535772e-01   1.7856911e-01
   8.5275812e-01   5.8896751e-01
   5.4103875e-01   1.6415501e-01
   5.5507326e-01   2.2029303e-01
   1.2463209e-01   4.9852835e-01
   7.0593783e-01   8.2375131e-01
   9.0093365e-01   3.9626540e-01
   4.4280123e-01   2.2879508e-01
   3.1924384e-01   7.2302466e-01
   9.2663414e-01   2.9346344e-01
   9.1263879e-01   3.4944483e-01
   2.9006475e-01   8.3974101e-01
   6.8059366e-01   7.2237464e-01
   3.7448596e-01   5.0205617e-01
   9.0105392e-01   3.9578430e-01
   6.2189645e-02   2.4875858e-01
   7.2217488e-01   8.8869953e-01
   8.8170823e-01   4.7316709e-01
   6.7061309e-01   6.8245235e-01
   5.1811072e-01   7.2442881e-02
   9.6298372e-01   1.4806513e-01
   4.5326127e-01   1.8695490e-01
   8.6430809e-01   5.4276763e-01
   6.0537018e-01   4.2148072e-01
   8.3881371e-01   6.4474517e-01
   5.2020951e-01   8.0838055e-02
   4.7916682e-01   8.3332712e-02
   4.0797073e-01   3.6811710e-01
   9.6073190e-01   1.5707239e-01
   7.8547041e-01   8.5811837e-01
   4.7260083e-01   1.0959669e-01
   7.1292517e-01   8.5170068e-01
   3.1545898e-01   7.3816408e-01
   4.2891262e-01   2.8434952e-01
   8.4329189e-01   6.2683246e-01
   5.5635333e-01   2.2541333e-01
   1.8495072e-01   7.3980287e-01
   6.4698807e-01   5.8795228e-01
   8.1985210e-01   7.2059158e-01
   1.0448458e-01   4.1793832e-01
   2.1511874e-01   8.6047497e-01
   1.0982960e-01   4.3931842e-01
   7.6822448e-01   9.2710210e-01
   8.0938848e-01   7.6244608e-01
   1.9182517e-01   7.6730069e-01
   5.4119060e-01   1.6476240e-01
   3.7943711e-01   4.8225154e-01
   5.3637794e-01   1.4551175e-01
   7.2294416e-02   2.8917766e-01
   4.4427525e-01   2.2289901e-01
   9.9300344e-01   2.7986226e-02
   3.6623975e-01   5.3504101e-01
   7.5975526e-01   9.6097894e-01
   6.4664504e-01   5.8658016e-01
   6.3674843e-02   2.5469937e-01
   5.5042291e-01   2.0169162e-01
   2.8348467e-01   8.6606133e-01
   3.0369259e-01   7.8522963e-01
   1.4968765e-01   5.9875061e-01
   6.9578893e-01   7.8315572e-01
   7.8269401e-01   8.6922397e-01
   9.9924271e-01   3.0291753e-03
   7.7167268e-01   9.1330928e-01
   6.4898819e-01   5.9595275e-01
   7.8968078e-02   3.1587231e-01
